0.978571 0.949999 0.157143 0.878569 0.485714 0.0642857 0.792853 0.114284
0.114284 0.707136 0.678564 0.57857 0.621428 0.278571 0.821429 0.707143
0.499989 0.474988 0.235714 0.399987 0.349985 0.692857 0.292841 0.253555
0.778572 0.814287 0.850002 0.0642646 0.871429 0.0285495 0.885714 0.0214281
;
0.178565 0.235709 0.28571 0.321425 0.35714 0.385712 0.414284 0.449999
0.485714 0.507143 0.528573 0.550002 0.589288 0.628575 0.667861 0.707148
0.73572 0.767864 0.828579 0.842865 0.800007 0.778578 0.757149 0.714291
0.671433 0.621432 0.564288 0.52143 0.478571 0.442856 0.407141 0.199994
;
0.178565 0.235709 0.28571 0.807142 0.77857 0.749998 0.714283 0.678568
0.621424 0.585709 0.521422 0.492849 0.464277 0.39999 0.371418 0.314274
0.25713 0.207129 0.271416 0.378561 0.449991 0.535708 0.56428 0.692854
0.749998 0.807142 0.592852 0.485706 0.442848 0.385704 0.371418 0.199994
;
0.178565 0.957143 0.942857 0.924999 0.907142 0.874998 0.842854 0.816663
0.790472 0.764281 0.742852 0.721423 0.699994 0.678565 0.655707 0.63285
0.609992 0.587134 0.564277 0.528561 0.503561 0.47856 0.45356 0.428559
0.402368 0.376177 0.349986 0.328557 0.303556 0.0714082 0.0714082 0.107123
;
0.178565 0.957143 0.0428578 0.0785729 0.107145 0.135717 0.192861 0.228576
0.292864 0.328579 0.357151 0.414295 0.45001 0.485725 0.550012 0.614299
0.650015 0.700016 0.742874 0.778589 0.807161 0.821447 0.842876 0.864305
0.885734 0.907163 0.928592 0.928592 0.303556 0.0714082 0.0714082 0.107123
;
0.178565 0.235709 0.28571 0.321425 0.321428 0.299999 0.242855 0.221426
0.185711 0.149996 0.128567 0.121424 0.114281 0.114281 0.13571 0.214283
0.35 0.485718 0.65715 0.850012 0.850012 0.785725 0.735723 0.671436
0.592863 0.507147 0.407144 0.400001 0.478571 0.442856 0.407141 0.199994
;
